2 0
17 1
151 3
2851 7
4064107 9
3937951 32
1938432259801 36
29355622076853215316871 44
5438423157699011 142
3283645182671977 196
9806468083920555001 237
43731604946948428442625521 279
29181721057677677289761324146875531054372067879 296
30846281545978050489677 531
27692093432815338850648849590864481 567
1394895732467874800725402839504469284408106291594483453783 607
3313943 966
1372777275907 970
3347575459 1020
2609161067 1053
106370648024196539 1060
84301194258686207727790001 1088
77801 1245
11 1275
67 1277
2251 1279
2533507 1281
23911 1310
17866747 1316
1189189 1345
1381025857 1356
108413 1401
89671 1419
251277757 1425
3946281947684441 1430
442615294406894723 1476
95658349044385786650854706838499 1488
16644698447448796545621188573413455468774474437407619 1528
14322941796318129374139438462993500752410722430294441248189942818773085192053239 1613
4624303566877056066167234417 2048
30684798432713 2188
470778427428113090594270191 2190
89516584284497243350393789 2282
6173159262873644281 2393
61566625321 2483
56482096812373 2510
194716019306779553684441 2525
282483757843659430013417915102711450593 2553
3178101805950719437 2748
2242724026266179469737 2801
585547073044765607929447562484241 2835
4758212917445215772581523520808844824264895512301 2892
674742167226747029098787796159365485077379558788311950546076514541359881852899610772288121 2918
4047883671708136387 3454
32002660585315124369253770501159011 3464
1000166293495002127624688044461183538079808948913414661721967096189 3475
8045733972657349621117132296172962056110964383 3762
143117391782107973 4011
291075079850790342047 4058
287058456534391556687 4127
520033248613 4225
229 4296
26227 4298
42990971 4303
57756987110089 4309
52122961875546670246962311 4316
31935867606221 4443
509949819881037912358950427 4445
93287938669 4587
2124667846950953489 4600
538136179431343116658203831463 4624
9049704612905084826839093813179076232500337536517915897511 4630
4134749613363339336351041444061302567732218954396349446087339871049842970061581127416563 4725
36240221 5283
656676809064427 5285
803218095680769373757 5315
8338488634411981 5402
1036083589586880560636783 5429
14897377839818087226528416152661 5486
6614085033604592649918081346245175619257845987295062937 5512
5468265103969033185391939161111047661458779830666594366615536668479583630857662167451253970440353721848883247 5516
136119831601838078590895209225677740299740579835391045690933 6043
298053373722445094947034705347111 6329
28304723 6521
46633 6556
{cur}
