2 0
5 3
41 4
1697 5
179989 10
32396040137 11
16398490883720546543 18
1050431653372913560632205165072770511 27
327421 249
1635811 266
2675877627737 267
13024548168001 307
617142559278647 346
5811537757461522313735811 363
4221746388300112469145041693138488794855387978467 367
39404457828139668953369 616
74760329533 731
19391 790
5737 807
64283 817
1008863 830
1987899517 840
246984030605552081 845
3812569460885267940451636425214411 850
1774375719491575027850306959226508393156389993792374543467690683 864
2932184556425776843177446050851148637510787508666225983206622620377198875426907965892046196661184484527168487788830243 895
16100671265048220816730359275561962443188517361129554739056953294181188437830356739292942439391977855650792847063227418419466715282299646809 1214
6737047160149008510426187371938889955338644131932114589420516566293314996547814902743891896419036065406431420729096826726254796060127948031640338801220115627750914347 1589
74518365458479821941877959301935801229455087 2546
12873232973995452379 2775
4283764885373 2861
280008569231487302083 2878
7916861515393 2972
228016492670251 3011
6052609641296163667 3045
572407554217363672085686562682045107 3052
16154412346850225428740850405376195164117 3157
49082068520149891482107979245828533646967343 3280
121625915521287556232844509843784510630904646119464160122071 3375
440861681890230693865062278752464750999430244068351970008502952540818383506107694915853177240393389386052458453 3401
781620516918433863841932364571061564825923895876414897152307466556397785297932831052735815557206661254961014710267163446122288216434689 3689
34279512879068871622763461433594263149041668559106750562049392475768154942993107 4322
6432206290906503642767564998635902868492074092821269240868544476462660013261375184725144290090109179180265805113 4480
3750533 5202
104803 5230
167597 5247
13 5279
23 5283
17 5289
19 5294
47 5298
139 5303
2417 5307
365119 5312
31 5345
977 5346
59659 5351
13577 5370
90007 5382
253164377 5388
3643 5433
101 5451
1277 5455
203843 5459
5193996083 5463
25124843521 5494
560669 5545
149893 5567
342833 5584
1836476029 5591
