2 0
3 4
7 7
17 10
19 15
191 17
18251 19
166549511 21
13869369807169571 23
159115981 104
736847 140
31 175
491 177
120551 179
7266271811 181
3299919126958326233 186
5317122189680372073909596623464829 198
411408667859961782573143639198456167424008313043445405587 235
348504251378400032154267422071 514
1853259479199509288204717301932679238315525055792725493 531
104814779578943981935659009421509966640965042000359068583752468402102914612872260874689672948787473671023 547
13673380946368304446793277886637056073450554251170081990935118260815903160965496761646485141106168582910706315555261944748009583506820245283702017059 747
11596465685703783773357633482261 1629
192966489975147152939 1769
138715156366409982267326460134377 1798
16689683147439574590650756361480282207427672759 1859
615824919487448581 2108
1254800998733 2187
196815693302666783450663 2191
29841450275737 2302
6957126207494405260397603 2310
6050200633375685804653260338009057953667706018203 2314
31749713712367647815310103741404772610911024743544572389756081865295771702920767 2375
399743414948543743591042473649523898032923 2766
5520059 3021
227027 3049
